0.000000  -0.810000  0.030150
0.000000  -0.780000  0.030150
0.000000  -0.810000  0.060300
0.000000  -0.780000  0.060300
0.000000  -0.810000  0.090449
0.000000  -0.780000  0.090449
0.000000  -0.810000  0.120599
0.000000  -0.780000  0.120599
0.000000  -0.810000  0.150749
0.000000  -0.780000  0.150749
0.000000  -0.810000  0.180899
0.000000  -0.780000  0.180899
0.000000  -0.810000  0.211049
0.000000  -0.780000  0.211049
0.000000  -0.810000  0.241198
0.000000  -0.780000  0.241198
0.000000  -0.810000  0.271348
0.000000  -0.780000  0.271348
0.000000  -0.810000  0.301498
0.000000  -0.780000  0.301498
0.000000  -0.810000  0.331648
0.000000  -0.780000  0.331648
0.000000  -0.810000  0.361798
0.000000  -0.780000  0.361798
0.000000  -0.810000  0.391947
0.000000  -0.780000  0.391947
0.000000  -0.810000  0.422097
0.000000  -0.780000  0.422097
0.000000  -0.810000  0.452247
0.000000  -0.780000  0.452247
0.000000  -0.810000  0.482397
0.000000  -0.780000  0.482397
0.000000  -0.750000  0.030150
0.000000  -0.720000  0.030150
0.000000  -0.750000  0.060300
0.000000  -0.720000  0.060300
0.000000  -0.750000  0.090449
0.000000  -0.720000  0.090449
0.000000  -0.750000  0.120599
0.000000  -0.720000  0.120599
0.000000  -0.750000  0.150749
0.000000  -0.720000  0.150749
0.000000  -0.750000  0.180899
0.000000  -0.720000  0.180899
0.000000  -0.750000  0.211049
0.000000  -0.720000  0.211049
0.000000  -0.750000  0.241198
0.000000  -0.720000  0.241198
0.000000  -0.750000  0.271348
0.000000  -0.720000  0.271348
0.000000  -0.750000  0.301498
0.000000  -0.720000  0.301498
0.000000  -0.750000  0.331648
0.000000  -0.720000  0.331648
0.000000  -0.750000  0.361798
0.000000  -0.720000  0.361798
0.000000  -0.750000  0.391947
0.000000  -0.720000  0.391947
0.000000  -0.750000  0.422097
0.000000  -0.720000  0.422097
0.000000  -0.750000  0.452247
0.000000  -0.720000  0.452247
0.000000  -0.750000  0.482397
0.000000  -0.720000  0.482397
0.000000  -0.690000  0.030150
0.000000  -0.660000  0.030150
0.000000  -0.690000  0.060300
0.000000  -0.660000  0.060300
0.000000  -0.690000  0.090449
0.000000  -0.660000  0.090449
0.000000  -0.690000  0.120599
0.000000  -0.660000  0.120599
0.000000  -0.690000  0.150749
0.000000  -0.660000  0.150749
0.000000  -0.690000  0.180899
0.000000  -0.660000  0.180899
0.000000  -0.690000  0.211049
0.000000  -0.660000  0.211049
0.000000  -0.690000  0.241198
0.000000  -0.660000  0.241198
0.000000  -0.690000  0.271348
0.000000  -0.660000  0.271348
0.000000  -0.690000  0.301498
0.000000  -0.660000  0.301498
0.000000  -0.690000  0.331648
0.000000  -0.660000  0.331648
0.000000  -0.690000  0.361798
0.000000  -0.660000  0.361798
0.000000  -0.690000  0.391947
0.000000  -0.660000  0.391947
0.000000  -0.690000  0.422097
0.000000  -0.660000  0.422097
0.000000  -0.690000  0.452247
0.000000  -0.660000  0.452247
0.000000  -0.690000  0.482397
0.000000  -0.660000  0.482397
0.000000  -0.630000  0.030150
0.000000  -0.600000  0.030150
0.000000  -0.630000  0.060300
0.000000  -0.600000  0.060300
0.000000  -0.630000  0.090449
0.000000  -0.600000  0.090449
0.000000  -0.630000  0.120599
0.000000  -0.600000  0.120599
0.000000  -0.630000  0.150749
0.000000  -0.600000  0.150749
0.000000  -0.630000  0.180899
0.000000  -0.600000  0.180899
0.000000  -0.630000  0.211049
0.000000  -0.600000  0.211049
0.000000  -0.630000  0.241198
0.000000  -0.600000  0.241198
0.000000  -0.630000  0.271348
0.000000  -0.600000  0.271348
0.000000  -0.630000  0.301498
0.000000  -0.600000  0.301498
0.000000  -0.630000  0.331648
0.000000  -0.600000  0.331648
0.000000  -0.630000  0.361798
0.000000  -0.600000  0.361798
0.000000  -0.630000  0.391947
0.000000  -0.600000  0.391947
0.000000  -0.630000  0.422097
0.000000  -0.600000  0.422097
0.000000  -0.630000  0.452247
0.000000  -0.600000  0.452247
0.000000  -0.630000  0.482397
0.000000  -0.600000  0.482397
0.000000  -0.570000  0.030150
0.000000  -0.540000  0.030150
0.000000  -0.570000  0.060300
0.000000  -0.540000  0.060300
0.000000  -0.570000  0.090449
0.000000  -0.540000  0.090449
0.000000  -0.570000  0.120599
0.000000  -0.540000  0.120599
0.000000  -0.570000  0.150749
0.000000  -0.540000  0.150749
0.000000  -0.570000  0.180899
0.000000  -0.540000  0.180899
0.000000  -0.570000  0.211049
0.000000  -0.540000  0.211049
0.000000  -0.570000  0.241198
0.000000  -0.540000  0.241198
0.000000  -0.570000  0.271348
0.000000  -0.540000  0.271348
0.000000  -0.570000  0.301498
0.000000  -0.540000  0.301498
0.000000  -0.570000  0.331648
0.000000  -0.540000  0.331648
0.000000  -0.570000  0.361798
0.000000  -0.540000  0.361798
0.000000  -0.570000  0.391947
0.000000  -0.540000  0.391947
0.000000  -0.570000  0.422097
0.000000  -0.540000  0.422097
0.000000  -0.570000  0.452247
0.000000  -0.540000  0.452247
0.000000  -0.570000  0.482397
0.000000  -0.540000  0.482397
0.000000  -0.510000  0.030150
0.000000  -0.480000  0.030150
0.000000  -0.510000  0.060300
0.000000  -0.480000  0.060300
0.000000  -0.510000  0.090449
0.000000  -0.480000  0.090449
0.000000  -0.510000  0.120599
0.000000  -0.480000  0.120599
0.000000  -0.510000  0.150749
0.000000  -0.480000  0.150749
0.000000  -0.510000  0.180899
0.000000  -0.480000  0.180899
0.000000  -0.510000  0.211049
0.000000  -0.480000  0.211049
0.000000  -0.510000  0.241198
0.000000  -0.480000  0.241198
0.000000  -0.510000  0.271348
0.000000  -0.480000  0.271348
0.000000  -0.510000  0.301498
0.000000  -0.480000  0.301498
0.000000  -0.510000  0.331648
0.000000  -0.480000  0.331648
0.000000  -0.510000  0.361798
0.000000  -0.480000  0.361798
0.000000  -0.510000  0.391947
0.000000  -0.480000  0.391947
0.000000  -0.510000  0.422097
0.000000  -0.480000  0.422097
0.000000  -0.510000  0.452247
0.000000  -0.480000  0.452247
0.000000  -0.510000  0.482397
0.000000  -0.480000  0.482397
0.000000  -0.450000  0.030150
0.000000  -0.420000  0.030150
0.000000  -0.450000  0.060300
0.000000  -0.420000  0.060300
0.000000  -0.450000  0.090449
0.000000  -0.420000  0.090449
0.000000  -0.450000  0.120599
0.000000  -0.420000  0.120599
0.000000  -0.450000  0.150749
0.000000  -0.420000  0.150749
0.000000  -0.450000  0.180899
0.000000  -0.420000  0.180899
0.000000  -0.450000  0.211049
0.000000  -0.420000  0.211049
0.000000  -0.450000  0.241198
0.000000  -0.420000  0.241198
0.000000  -0.450000  0.271348
0.000000  -0.420000  0.271348
0.000000  -0.450000  0.301498
0.000000  -0.420000  0.301498
0.000000  -0.450000  0.331648
0.000000  -0.420000  0.331648
0.000000  -0.450000  0.361798
0.000000  -0.420000  0.361798
0.000000  -0.450000  0.391947
0.000000  -0.420000  0.391947
0.000000  -0.450000  0.422097
0.000000  -0.420000  0.422097
0.000000  -0.450000  0.452247
0.000000  -0.420000  0.452247
0.000000  -0.450000  0.482397
0.000000  -0.420000  0.482397
0.000000  -0.390000  0.030150
0.000000  -0.360000  0.030150
0.000000  -0.390000  0.060300
0.000000  -0.360000  0.060300
0.000000  -0.390000  0.090449
0.000000  -0.360000  0.090449
0.000000  -0.390000  0.120599
0.000000  -0.360000  0.120599
0.000000  -0.390000  0.150749
0.000000  -0.360000  0.150749
0.000000  -0.390000  0.180899
0.000000  -0.360000  0.180899
0.000000  -0.390000  0.211049
0.000000  -0.360000  0.211049
0.000000  -0.390000  0.241198
0.000000  -0.360000  0.241198
0.000000  -0.390000  0.271348
0.000000  -0.360000  0.271348
0.000000  -0.390000  0.301498
0.000000  -0.360000  0.301498
0.000000  -0.390000  0.331648
0.000000  -0.360000  0.331648
0.000000  -0.390000  0.361798
0.000000  -0.360000  0.361798
0.000000  -0.390000  0.391947
0.000000  -0.360000  0.391947
0.000000  -0.390000  0.422097
0.000000  -0.360000  0.422097
0.000000  -0.390000  0.452247
0.000000  -0.360000  0.452247
0.000000  -0.390000  0.482397
0.000000  -0.360000  0.482397
0.000000  -0.330000  0.030150
0.000000  -0.300000  0.030150
0.000000  -0.330000  0.060300
0.000000  -0.300000  0.060300
0.000000  -0.330000  0.090449
0.000000  -0.300000  0.090449
0.000000  -0.330000  0.120599
0.000000  -0.300000  0.120599
0.000000  -0.330000  0.150749
0.000000  -0.300000  0.150749
0.000000  -0.330000  0.180899
0.000000  -0.300000  0.180899
0.000000  -0.330000  0.211049
0.000000  -0.300000  0.211049
0.000000  -0.330000  0.241198
0.000000  -0.300000  0.241198
0.000000  -0.330000  0.271348
0.000000  -0.300000  0.271348
0.000000  -0.330000  0.301498
0.000000  -0.300000  0.301498
0.000000  -0.330000  0.331648
0.000000  -0.300000  0.331648
0.000000  -0.330000  0.361798
0.000000  -0.300000  0.361798
0.000000  -0.330000  0.391947
0.000000  -0.300000  0.391947
0.000000  -0.330000  0.422097
0.000000  -0.300000  0.422097
0.000000  -0.330000  0.452247
0.000000  -0.300000  0.452247
0.000000  -0.330000  0.482397
0.000000  -0.300000  0.482397
0.000000  -0.270000  0.030150
0.000000  -0.240000  0.030150
0.000000  -0.270000  0.060300
0.000000  -0.240000  0.060300
0.000000  -0.270000  0.090449
0.000000  -0.240000  0.090449
0.000000  -0.270000  0.120599
0.000000  -0.240000  0.120599
0.000000  -0.270000  0.150749
0.000000  -0.240000  0.150749
0.000000  -0.270000  0.180899
0.000000  -0.240000  0.180899
0.000000  -0.270000  0.211049
0.000000  -0.240000  0.211049
0.000000  -0.270000  0.241198
0.000000  -0.240000  0.241198
0.000000  -0.270000  0.271348
0.000000  -0.240000  0.271348
0.000000  -0.270000  0.301498
0.000000  -0.240000  0.301498
0.000000  -0.270000  0.331648
0.000000  -0.240000  0.331648
0.000000  -0.270000  0.361798
0.000000  -0.240000  0.361798
0.000000  -0.270000  0.391947
0.000000  -0.240000  0.391947
0.000000  -0.270000  0.422097
0.000000  -0.240000  0.422097
0.000000  -0.270000  0.452247
0.000000  -0.240000  0.452247
0.000000  -0.270000  0.482397
0.000000  -0.240000  0.482397
0.000000  -0.210000  0.030150
0.000000  -0.180000  0.030150
0.000000  -0.210000  0.060300
0.000000  -0.180000  0.060300
0.000000  -0.210000  0.090449
0.000000  -0.180000  0.090449
0.000000  -0.210000  0.120599
0.000000  -0.180000  0.120599
0.000000  -0.210000  0.150749
0.000000  -0.180000  0.150749
0.000000  -0.210000  0.180899
0.000000  -0.180000  0.180899
0.000000  -0.210000  0.211049
0.000000  -0.180000  0.211049
0.000000  -0.210000  0.241198
0.000000  -0.180000  0.241198
0.000000  -0.210000  0.271348
0.000000  -0.180000  0.271348
0.000000  -0.210000  0.301498
0.000000  -0.180000  0.301498
0.000000  -0.210000  0.331648
0.000000  -0.180000  0.331648
0.000000  -0.210000  0.361798
0.000000  -0.180000  0.361798
0.000000  -0.210000  0.391947
0.000000  -0.180000  0.391947
0.000000  -0.210000  0.422097
0.000000  -0.180000  0.422097
0.000000  -0.210000  0.452247
0.000000  -0.180000  0.452247
0.000000  -0.210000  0.482397
0.000000  -0.180000  0.482397
0.000000  -0.150000  0.030150
0.000000  -0.120000  0.030150
0.000000  -0.150000  0.060300
0.000000  -0.120000  0.060300
0.000000  -0.150000  0.090449
0.000000  -0.120000  0.090449
0.000000  -0.150000  0.120599
0.000000  -0.120000  0.120599
0.000000  -0.150000  0.150749
0.000000  -0.120000  0.150749
0.000000  -0.150000  0.180899
0.000000  -0.120000  0.180899
0.000000  -0.150000  0.211049
0.000000  -0.120000  0.211049
0.000000  -0.150000  0.241198
0.000000  -0.120000  0.241198
0.000000  -0.150000  0.271348
0.000000  -0.120000  0.271348
0.000000  -0.150000  0.301498
0.000000  -0.120000  0.301498
0.000000  -0.150000  0.331648
0.000000  -0.120000  0.331648
0.000000  -0.150000  0.361798
0.000000  -0.120000  0.361798
0.000000  -0.150000  0.391947
0.000000  -0.120000  0.391947
0.000000  -0.150000  0.422097
0.000000  -0.120000  0.422097
0.000000  -0.150000  0.452247
0.000000  -0.120000  0.452247
0.000000  -0.150000  0.482397
0.000000  -0.120000  0.482397
0.000000  -0.090000  0.030150
0.000000  -0.060000  0.030150
0.000000  -0.090000  0.060300
0.000000  -0.060000  0.060300
0.000000  -0.090000  0.090449
0.000000  -0.060000  0.090449
0.000000  -0.090000  0.120599
0.000000  -0.060000  0.120599
0.000000  -0.090000  0.150749
0.000000  -0.060000  0.150749
0.000000  -0.090000  0.180899
0.000000  -0.060000  0.180899
0.000000  -0.090000  0.211049
0.000000  -0.060000  0.211049
0.000000  -0.090000  0.241198
0.000000  -0.060000  0.241198
0.000000  -0.090000  0.271348
0.000000  -0.060000  0.271348
0.000000  -0.090000  0.301498
0.000000  -0.060000  0.301498
0.000000  -0.090000  0.331648
0.000000  -0.060000  0.331648
0.000000  -0.090000  0.361798
0.000000  -0.060000  0.361798
0.000000  -0.090000  0.391947
0.000000  -0.060000  0.391947
0.000000  -0.090000  0.422097
0.000000  -0.060000  0.422097
0.000000  -0.090000  0.452247
0.000000  -0.060000  0.452247
0.000000  -0.090000  0.482397
0.000000  -0.060000  0.482397
0.000000  -0.030000  0.030150
0.000000  0.000000  0.030150
0.000000  -0.030000  0.060300
0.000000  0.000000  0.060300
0.000000  -0.030000  0.090449
0.000000  0.000000  0.090449
0.000000  -0.030000  0.120599
0.000000  0.000000  0.120599
0.000000  -0.030000  0.150749
0.000000  0.000000  0.150749
0.000000  -0.030000  0.180899
0.000000  0.000000  0.180899
0.000000  -0.030000  0.211049
0.000000  0.000000  0.211049
0.000000  -0.030000  0.241198
0.000000  0.000000  0.241198
0.000000  -0.030000  0.271348
0.000000  0.000000  0.271348
0.000000  -0.030000  0.301498
0.000000  0.000000  0.301498
0.000000  -0.030000  0.331648
0.000000  0.000000  0.331648
0.000000  -0.030000  0.361798
0.000000  0.000000  0.361798
0.000000  -0.030000  0.391947
0.000000  0.000000  0.391947
0.000000  -0.030000  0.422097
0.000000  0.000000  0.422097
0.000000  -0.030000  0.452247
0.000000  0.000000  0.452247
0.000000  -0.030000  0.482397
0.000000  0.000000  0.482397
0.000000  0.030000  0.000000
0.000000  0.060000  0.000000
0.000000  0.090000  0.000000
0.000000  0.120000  0.000000
0.000000  0.150000  0.000000
0.000000  0.180000  0.000000
0.000000  0.210000  0.000000
0.000000  0.240000  0.000000
0.000000  0.270000  0.000000
0.000000  0.300000  0.000000
0.000000  0.330000  0.000000
0.000000  0.360000  0.000000
0.000000  0.390000  0.000000
0.000000  0.420000  0.000000
0.000000  0.450000  0.000000
0.000000  0.480000  0.000000
0.000000  0.510000  0.000000
0.000000  0.540000  0.000000
0.000000  0.570000  0.000000
0.000000  0.600000  0.000000
0.000000  0.630000  0.000000
0.000000  0.660000  0.000000
0.000000  0.690000  0.000000
0.000000  0.720000  0.000000
0.000000  0.750000  0.000000
0.000000  0.780000  0.000000
0.000000  0.810000  0.000000
0.000000  0.840000  0.000000
0.000000  0.870000  0.000000
0.000000  0.900000  0.000000
0.000000  0.930000  0.000000
0.000000  0.960000  0.000000
0.000000  -0.030000  0.000000
0.000000  0.000000  0.000000
0.000000  -0.090000  0.000000
0.000000  -0.060000  0.000000
0.000000  -0.150000  0.000000
0.000000  -0.120000  0.000000
0.000000  -0.210000  0.000000
0.000000  -0.180000  0.000000
0.000000  -0.270000  0.000000
0.000000  -0.240000  0.000000
0.000000  -0.330000  0.000000
0.000000  -0.300000  0.000000
0.000000  -0.390000  0.000000
0.000000  -0.360000  0.000000
0.000000  -0.450000  0.000000
0.000000  -0.420000  0.000000
0.000000  -0.510000  0.000000
0.000000  -0.480000  0.000000
0.000000  -0.570000  0.000000
0.000000  -0.540000  0.000000
0.000000  -0.630000  0.000000
0.000000  -0.600000  0.000000
0.000000  -0.690000  0.000000
0.000000  -0.660000  0.000000
0.000000  -0.750000  0.000000
0.000000  -0.720000  0.000000
0.000000  -0.810000  0.000000
0.000000  -0.780000  0.000000
0.000000  0.030000  0.030150
0.000000  0.060000  0.030150
0.000000  0.030000  0.060300
0.000000  0.060000  0.060300
0.000000  0.030000  0.090449
0.000000  0.060000  0.090449
0.000000  0.030000  0.120599
0.000000  0.060000  0.120599
0.000000  0.030000  0.150749
0.000000  0.060000  0.150749
0.000000  0.030000  0.180899
0.000000  0.060000  0.180899
0.000000  0.030000  0.211049
0.000000  0.060000  0.211049
0.000000  0.030000  0.241198
0.000000  0.060000  0.241198
0.000000  0.030000  0.271348
0.000000  0.060000  0.271348
0.000000  0.030000  0.301498
0.000000  0.060000  0.301498
0.000000  0.030000  0.331648
0.000000  0.060000  0.331648
0.000000  0.030000  0.361798
0.000000  0.060000  0.361798
0.000000  0.030000  0.391947
0.000000  0.060000  0.391947
0.000000  0.030000  0.422097
0.000000  0.060000  0.422097
0.000000  0.030000  0.452247
0.000000  0.060000  0.452247
0.000000  0.030000  0.482397
0.000000  0.060000  0.482397
0.000000  0.090000  0.030150
0.000000  0.120000  0.030150
0.000000  0.090000  0.060300
0.000000  0.120000  0.060300
0.000000  0.090000  0.090449
0.000000  0.120000  0.090449
0.000000  0.090000  0.120599
0.000000  0.120000  0.120599
0.000000  0.090000  0.150749
0.000000  0.120000  0.150749
0.000000  0.090000  0.180899
0.000000  0.120000  0.180899
0.000000  0.090000  0.211049
0.000000  0.120000  0.211049
0.000000  0.090000  0.241198
0.000000  0.120000  0.241198
0.000000  0.090000  0.271348
0.000000  0.120000  0.271348
0.000000  0.090000  0.301498
0.000000  0.120000  0.301498
0.000000  0.090000  0.331648
0.000000  0.120000  0.331648
0.000000  0.090000  0.361798
0.000000  0.120000  0.361798
0.000000  0.090000  0.391947
0.000000  0.120000  0.391947
0.000000  0.090000  0.422097
0.000000  0.120000  0.422097
0.000000  0.090000  0.452247
0.000000  0.120000  0.452247
0.000000  0.090000  0.482397
0.000000  0.120000  0.482397
0.000000  0.150000  0.030150
0.000000  0.180000  0.030150
0.000000  0.150000  0.060300
0.000000  0.180000  0.060300
0.000000  0.150000  0.090449
0.000000  0.180000  0.090449
0.000000  0.150000  0.120599
0.000000  0.180000  0.120599
0.000000  0.150000  0.150749
0.000000  0.180000  0.150749
0.000000  0.150000  0.180899
0.000000  0.180000  0.180899
0.000000  0.150000  0.211049
0.000000  0.180000  0.211049
0.000000  0.150000  0.241198
0.000000  0.180000  0.241198
0.000000  0.150000  0.271348
0.000000  0.180000  0.271348
0.000000  0.150000  0.301498
0.000000  0.180000  0.301498
0.000000  0.150000  0.331648
0.000000  0.180000  0.331648
0.000000  0.150000  0.361798
0.000000  0.180000  0.361798
0.000000  0.150000  0.391947
0.000000  0.180000  0.391947
0.000000  0.150000  0.422097
0.000000  0.180000  0.422097
0.000000  0.150000  0.452247
0.000000  0.180000  0.452247
0.000000  0.150000  0.482397
0.000000  0.180000  0.482397
0.000000  0.210000  0.030150
0.000000  0.240000  0.030150
0.000000  0.210000  0.060300
0.000000  0.240000  0.060300
0.000000  0.210000  0.090449
0.000000  0.240000  0.090449
0.000000  0.210000  0.120599
0.000000  0.240000  0.120599
0.000000  0.210000  0.150749
0.000000  0.240000  0.150749
0.000000  0.210000  0.180899
0.000000  0.240000  0.180899
0.000000  0.210000  0.211049
0.000000  0.240000  0.211049
0.000000  0.210000  0.241198
0.000000  0.240000  0.241198
0.000000  0.210000  0.271348
0.000000  0.240000  0.271348
0.000000  0.210000  0.301498
0.000000  0.240000  0.301498
0.000000  0.210000  0.331648
0.000000  0.240000  0.331648
0.000000  0.210000  0.361798
0.000000  0.240000  0.361798
0.000000  0.210000  0.391947
0.000000  0.240000  0.391947
0.000000  0.210000  0.422097
0.000000  0.240000  0.422097
0.000000  0.210000  0.452247
0.000000  0.240000  0.452247
0.000000  0.210000  0.482397
0.000000  0.240000  0.482397
0.000000  0.270000  0.030150
0.000000  0.300000  0.030150
0.000000  0.270000  0.060300
0.000000  0.300000  0.060300
0.000000  0.270000  0.090449
0.000000  0.300000  0.090449
0.000000  0.270000  0.120599
0.000000  0.300000  0.120599
0.000000  0.270000  0.150749
0.000000  0.300000  0.150749
0.000000  0.270000  0.180899
0.000000  0.300000  0.180899
0.000000  0.270000  0.211049
0.000000  0.300000  0.211049
0.000000  0.270000  0.241198
0.000000  0.300000  0.241198
0.000000  0.270000  0.271348
0.000000  0.300000  0.271348
0.000000  0.270000  0.301498
0.000000  0.300000  0.301498
0.000000  0.270000  0.331648
0.000000  0.300000  0.331648
0.000000  0.270000  0.361798
0.000000  0.300000  0.361798
0.000000  0.270000  0.391947
0.000000  0.300000  0.391947
0.000000  0.270000  0.422097
0.000000  0.300000  0.422097
0.000000  0.270000  0.452247
0.000000  0.300000  0.452247
0.000000  0.270000  0.482397
0.000000  0.300000  0.482397
0.000000  0.330000  0.030150
0.000000  0.360000  0.030150
0.000000  0.330000  0.060300
0.000000  0.360000  0.060300
0.000000  0.330000  0.090449
0.000000  0.360000  0.090449
0.000000  0.330000  0.120599
0.000000  0.360000  0.120599
0.000000  0.330000  0.150749
0.000000  0.360000  0.150749
0.000000  0.330000  0.180899
0.000000  0.360000  0.180899
0.000000  0.330000  0.211049
0.000000  0.360000  0.211049
0.000000  0.330000  0.241198
0.000000  0.360000  0.241198
0.000000  0.330000  0.271348
0.000000  0.360000  0.271348
0.000000  0.330000  0.301498
0.000000  0.360000  0.301498
0.000000  0.330000  0.331648
0.000000  0.360000  0.331648
0.000000  0.330000  0.361798
0.000000  0.360000  0.361798
0.000000  0.330000  0.391947
0.000000  0.360000  0.391947
0.000000  0.330000  0.422097
0.000000  0.360000  0.422097
0.000000  0.330000  0.452247
0.000000  0.360000  0.452247
0.000000  0.330000  0.482397
0.000000  0.360000  0.482397
0.000000  0.390000  0.030150
0.000000  0.420000  0.030150
0.000000  0.390000  0.060300
0.000000  0.420000  0.060300
0.000000  0.390000  0.090449
0.000000  0.420000  0.090449
0.000000  0.390000  0.120599
0.000000  0.420000  0.120599
0.000000  0.390000  0.150749
0.000000  0.420000  0.150749
0.000000  0.390000  0.180899
0.000000  0.420000  0.180899
0.000000  0.390000  0.211049
0.000000  0.420000  0.211049
0.000000  0.390000  0.241198
0.000000  0.420000  0.241198
0.000000  0.390000  0.271348
0.000000  0.420000  0.271348
0.000000  0.390000  0.301498
0.000000  0.420000  0.301498
0.000000  0.390000  0.331648
0.000000  0.420000  0.331648
0.000000  0.390000  0.361798
0.000000  0.420000  0.361798
0.000000  0.390000  0.391947
0.000000  0.420000  0.391947
0.000000  0.390000  0.422097
0.000000  0.420000  0.422097
0.000000  0.390000  0.452247
0.000000  0.420000  0.452247
0.000000  0.390000  0.482397
0.000000  0.420000  0.482397
0.000000  0.450000  0.030150
0.000000  0.480000  0.030150
0.000000  0.450000  0.060300
0.000000  0.480000  0.060300
0.000000  0.450000  0.090449
0.000000  0.480000  0.090449
0.000000  0.450000  0.120599
0.000000  0.480000  0.120599
0.000000  0.450000  0.150749
0.000000  0.480000  0.150749
0.000000  0.450000  0.180899
0.000000  0.480000  0.180899
0.000000  0.450000  0.211049
0.000000  0.480000  0.211049
0.000000  0.450000  0.241198
0.000000  0.480000  0.241198
0.000000  0.450000  0.271348
0.000000  0.480000  0.271348
0.000000  0.450000  0.301498
0.000000  0.480000  0.301498
0.000000  0.450000  0.331648
0.000000  0.480000  0.331648
0.000000  0.450000  0.361798
0.000000  0.480000  0.361798
0.000000  0.450000  0.391947
0.000000  0.480000  0.391947
0.000000  0.450000  0.422097
0.000000  0.480000  0.422097
0.000000  0.450000  0.452247
0.000000  0.480000  0.452247
0.000000  0.450000  0.482397
0.000000  0.480000  0.482397
0.000000  0.510000  0.030150
0.000000  0.540000  0.030150
0.000000  0.510000  0.060300
0.000000  0.540000  0.060300
0.000000  0.510000  0.090449
0.000000  0.540000  0.090449
0.000000  0.510000  0.120599
0.000000  0.540000  0.120599
0.000000  0.510000  0.150749
0.000000  0.540000  0.150749
0.000000  0.510000  0.180899
0.000000  0.540000  0.180899
0.000000  0.510000  0.211049
0.000000  0.540000  0.211049
0.000000  0.510000  0.241198
0.000000  0.540000  0.241198
0.000000  0.510000  0.271348
0.000000  0.540000  0.271348
0.000000  0.510000  0.301498
0.000000  0.540000  0.301498
0.000000  0.510000  0.331648
0.000000  0.540000  0.331648
0.000000  0.510000  0.361798
0.000000  0.540000  0.361798
0.000000  0.510000  0.391947
0.000000  0.540000  0.391947
0.000000  0.510000  0.422097
0.000000  0.540000  0.422097
0.000000  0.510000  0.452247
0.000000  0.540000  0.452247
0.000000  0.510000  0.482397
0.000000  0.540000  0.482397
0.000000  0.570000  0.030150
0.000000  0.600000  0.030150
0.000000  0.570000  0.060300
0.000000  0.600000  0.060300
0.000000  0.570000  0.090449
0.000000  0.600000  0.090449
0.000000  0.570000  0.120599
0.000000  0.600000  0.120599
0.000000  0.570000  0.150749
0.000000  0.600000  0.150749
0.000000  0.570000  0.180899
0.000000  0.600000  0.180899
0.000000  0.570000  0.211049
0.000000  0.600000  0.211049
0.000000  0.570000  0.241198
0.000000  0.600000  0.241198
0.000000  0.570000  0.271348
0.000000  0.600000  0.271348
0.000000  0.570000  0.301498
0.000000  0.600000  0.301498
0.000000  0.570000  0.331648
0.000000  0.600000  0.331648
0.000000  0.570000  0.361798
0.000000  0.600000  0.361798
0.000000  0.570000  0.391947
0.000000  0.600000  0.391947
0.000000  0.570000  0.422097
0.000000  0.600000  0.422097
0.000000  0.570000  0.452247
0.000000  0.600000  0.452247
0.000000  0.570000  0.482397
0.000000  0.600000  0.482397
0.000000  0.630000  0.030150
0.000000  0.660000  0.030150
0.000000  0.630000  0.060300
0.000000  0.660000  0.060300
0.000000  0.630000  0.090449
0.000000  0.660000  0.090449
0.000000  0.630000  0.120599
0.000000  0.660000  0.120599
0.000000  0.630000  0.150749
0.000000  0.660000  0.150749
0.000000  0.630000  0.180899
0.000000  0.660000  0.180899
0.000000  0.630000  0.211049
0.000000  0.660000  0.211049
0.000000  0.630000  0.241198
0.000000  0.660000  0.241198
0.000000  0.630000  0.271348
0.000000  0.660000  0.271348
0.000000  0.630000  0.301498
0.000000  0.660000  0.301498
0.000000  0.630000  0.331648
0.000000  0.660000  0.331648
0.000000  0.630000  0.361798
0.000000  0.660000  0.361798
0.000000  0.630000  0.391947
0.000000  0.660000  0.391947
0.000000  0.630000  0.422097
0.000000  0.660000  0.422097
0.000000  0.630000  0.452247
0.000000  0.660000  0.452247
0.000000  0.630000  0.482397
0.000000  0.660000  0.482397
0.000000  0.690000  0.030150
0.000000  0.720000  0.030150
0.000000  0.690000  0.060300
0.000000  0.720000  0.060300
0.000000  0.690000  0.090449
0.000000  0.720000  0.090449
0.000000  0.690000  0.120599
0.000000  0.720000  0.120599
0.000000  0.690000  0.150749
0.000000  0.720000  0.150749
0.000000  0.690000  0.180899
0.000000  0.720000  0.180899
0.000000  0.690000  0.211049
0.000000  0.720000  0.211049
0.000000  0.690000  0.241198
0.000000  0.720000  0.241198
0.000000  0.690000  0.271348
0.000000  0.720000  0.271348
0.000000  0.690000  0.301498
0.000000  0.720000  0.301498
0.000000  0.690000  0.331648
0.000000  0.720000  0.331648
0.000000  0.690000  0.361798
0.000000  0.720000  0.361798
0.000000  0.690000  0.391947
0.000000  0.720000  0.391947
0.000000  0.690000  0.422097
0.000000  0.720000  0.422097
0.000000  0.690000  0.452247
0.000000  0.720000  0.452247
0.000000  0.690000  0.482397
0.000000  0.720000  0.482397
0.000000  0.750000  0.030150
0.000000  0.780000  0.030150
0.000000  0.750000  0.060300
0.000000  0.780000  0.060300
0.000000  0.750000  0.090449
0.000000  0.780000  0.090449
0.000000  0.750000  0.120599
0.000000  0.780000  0.120599
0.000000  0.750000  0.150749
0.000000  0.780000  0.150749
0.000000  0.750000  0.180899
0.000000  0.780000  0.180899
0.000000  0.750000  0.211049
0.000000  0.780000  0.211049
0.000000  0.750000  0.241198
0.000000  0.780000  0.241198
0.000000  0.750000  0.271348
0.000000  0.780000  0.271348
0.000000  0.750000  0.301498
0.000000  0.780000  0.301498
0.000000  0.750000  0.331648
0.000000  0.780000  0.331648
0.000000  0.750000  0.361798
0.000000  0.780000  0.361798
0.000000  0.750000  0.391947
0.000000  0.780000  0.391947
0.000000  0.750000  0.422097
0.000000  0.780000  0.422097
0.000000  0.750000  0.452247
0.000000  0.780000  0.452247
0.000000  0.750000  0.482397
0.000000  0.780000  0.482397
0.000000  0.810000  0.030150
0.000000  0.840000  0.030150
0.000000  0.810000  0.060300
0.000000  0.840000  0.060300
0.000000  0.810000  0.090449
0.000000  0.840000  0.090449
0.000000  0.810000  0.120599
0.000000  0.840000  0.120599
0.000000  0.810000  0.150749
0.000000  0.840000  0.150749
0.000000  0.810000  0.180899
0.000000  0.840000  0.180899
0.000000  0.810000  0.211049
0.000000  0.840000  0.211049
0.000000  0.810000  0.241198
0.000000  0.840000  0.241198
0.000000  0.810000  0.271348
0.000000  0.840000  0.271348
0.000000  0.810000  0.301498
0.000000  0.840000  0.301498
0.000000  0.810000  0.331648
0.000000  0.840000  0.331648
0.000000  0.810000  0.361798
0.000000  0.840000  0.361798
0.000000  0.810000  0.391947
0.000000  0.840000  0.391947
0.000000  0.810000  0.422097
0.000000  0.840000  0.422097
0.000000  0.810000  0.452247
0.000000  0.840000  0.452247
0.000000  0.810000  0.482397
0.000000  0.840000  0.482397
0.000000  0.870000  0.030150
0.000000  0.900000  0.030150
0.000000  0.870000  0.060300
0.000000  0.900000  0.060300
0.000000  0.870000  0.090449
0.000000  0.900000  0.090449
0.000000  0.870000  0.120599
0.000000  0.900000  0.120599
0.000000  0.870000  0.150749
0.000000  0.900000  0.150749
0.000000  0.870000  0.180899
0.000000  0.900000  0.180899
0.000000  0.870000  0.211049
0.000000  0.900000  0.211049
0.000000  0.870000  0.241198
0.000000  0.900000  0.241198
0.000000  0.870000  0.271348
0.000000  0.900000  0.271348
0.000000  0.870000  0.301498
0.000000  0.900000  0.301498
0.000000  0.870000  0.331648
0.000000  0.900000  0.331648
0.000000  0.870000  0.361798
0.000000  0.900000  0.361798
0.000000  0.870000  0.391947
0.000000  0.900000  0.391947
0.000000  0.870000  0.422097
0.000000  0.900000  0.422097
0.000000  0.870000  0.452247
0.000000  0.900000  0.452247
0.000000  0.870000  0.482397
0.000000  0.900000  0.482397
0.000000  0.930000  0.030150
0.000000  0.960000  0.030150
0.000000  0.930000  0.060300
0.000000  0.960000  0.060300
0.000000  0.930000  0.090449
0.000000  0.960000  0.090449
0.000000  0.930000  0.120599
0.000000  0.960000  0.120599
0.000000  0.930000  0.150749
0.000000  0.960000  0.150749
0.000000  0.930000  0.180899
0.000000  0.960000  0.180899
0.000000  0.930000  0.211049
0.000000  0.960000  0.211049
0.000000  0.930000  0.241198
0.000000  0.960000  0.241198
0.000000  0.930000  0.271348
0.000000  0.960000  0.271348
0.000000  0.930000  0.301498
0.000000  0.960000  0.301498
0.000000  0.930000  0.331648
0.000000  0.960000  0.331648
0.000000  0.930000  0.361798
0.000000  0.960000  0.361798
0.000000  0.930000  0.391947
0.000000  0.960000  0.391947
0.000000  0.930000  0.422097
0.000000  0.960000  0.422097
0.000000  0.930000  0.452247
0.000000  0.960000  0.452247
0.000000  0.930000  0.482397
0.000000  0.960000  0.482397